a3 <- c(a1, a2)